-0.6362353146607063 -0.01585891236186998 0.9389225357017066 -0.8664590308197555 0.6994778962780821 0.7975205675487718 0.7312106003523164 -0.5535885484413974 -0.9133130882872629 -0.6550883366151017 -0.9631671212165411 -0.5873474716887497 -0.5189576942242005 0.2004962471526106 -0.008064330800429342 0.15828408511230863 
-0.7538520696613871 0.8156006775729583 0.2756050913222301 0.34923038893292 0.8584193115194105 0.08605981880779479 -0.6495030563870519 0.2125210400318489 -0.9083450274867522 0.05735858144846029 0.6678913749440318 -0.9182933578513952 -0.4075098428739419 -0.9693363964992645 -0.6472031553031874 0.14264861548406915 
0.14302948709245622 -0.99854455142686 0.3379828340126707 -0.2537011654215797 -0.1199833702182258 0.4512530951457374 -0.34596570873749455 -0.13472764246654978 -0.32516391205813466 -0.6269899852209035 -0.0713888353012806 -0.06447518200742341 0.6730108323373556 0.7651062546930711 -0.5786264715088818 -0.2396984306596286 
0.9949917825348971 -0.06057965065217341 0.8028114543747731 -0.10966901531511009 0.9426327557774283 -0.42871329496488375 -0.5187676963951755 0.9658480738940325 0.15278679008913598 0.5961538604213079 -0.6756202768219968 -0.27755650026620104 -0.693648471335989 -0.021065462345506214 -0.5270474247082215 0.7668467038914952 
-0.23388311557874686 -0.4667951798937895 0.39133071304496325 -0.5022998225896673 -0.0845478289468764 0.576823559524771 -0.6425275311425251 -0.3754626693308798 -0.6747428849429662 -0.005074879405607691 0.04218037735752156 -0.4321066757576175 -0.3837498972110771 -0.4762212730876858 -0.617895302497177 0.4726122520040963 
-0.811237291242972 -0.9552752695403177 0.8525249562084651 -0.5674873385505503 0.16441954972782824 -0.8042080417499997 -0.5441367205863681 0.9434493537477748 -0.3825742174015554 -0.9669642341582925 0.912892921071554 0.8474760303839075 0.6707147738444801 0.8778039585059734 0.6416449094127916 -0.3660081919574496 
-0.09676589069845365 0.06241632290873311 0.45116918664289507 -0.7989125514114594 0.23130258824515648 -0.4933105758636753 0.5409388377318225 0.47907933945299397 -0.703283119880556 -0.11381873251240293 0.30936281054308945 0.031033444302766 0.5080127844287756 0.8739416189444764 0.9808522400874458 0.8714375286408935 
-0.595984317701298 0.5642075244224412 0.02151591042373413 -0.24893946407716072 -0.9981288555800516 -0.759352805652582 0.7436689368831308 0.8005234649376698 0.894559922569973 0.1256371046909619 -0.5370471762401043 -0.5673761760203009 -0.6882396786126055 0.7804461732515144 0.6658182538655608 0.5337803269264614 
-0.38003039150635853 0.9145245501610084 -0.12043775558888203 0.09370180673749284 -0.71432948074913 -0.3707891451199856 -0.22263030066826017 -0.43217508474828703 -0.283359192592052 -0.7697434972952619 0.03626393054269528 0.08330225784974266 0.3764585022894893 0.3151577963809111 0.6831765413909503 0.22939117244395635 
0.31196607104680907 0.23604233411161912 0.6716064547851672 -0.6101370046878629 -0.5156296130641205 -0.24058866036570703 0.1404043394246388 0.7894619427818388 0.4363145394731123 0.9013479855603705 -0.5239574038726493 -0.10339032237172363 -0.5004380436392248 -0.37580604381061633 -0.39869257316994156 0.3903922213642208 
-0.5626443996185366 0.2540529990546774 -0.9331357318976585 -0.2445341922821478 -0.5698209844779041 0.6402820334296906 -0.2111232700991974 0.739453414187222 -0.913433458743107 -0.4246234921837495 -0.4456070531231262 -0.5083901183481061 -0.02887326621081021 0.6581680856009977 -0.14578980270543473 -0.5913595822620292 
0.17741841110159862 -0.8056723838877557 0.32679559919132894 0.8858099480254018 -0.45940307767608024 0.12355795767497857 -0.33349481868864683 0.048200600967035934 0.4652666159672354 -0.7165799488191471 0.1511731603319122 0.6589062194127298 -0.6701983260573561 -0.6930760485689398 -0.9692317887231923 0.38870963498340916 
-0.6689387061071979 -0.3881576670032003 -0.8727656802877228 -0.8229159666313948 0.7662420372457388 -0.041382872304894125 0.5496132056574117 0.13820672055408156 -0.6218131594100886 0.4539201298168458 0.28526990483843817 -0.41648050278131765 0.18812923033821805 0.881726112367708 0.16116217882952588 0.15360942758610796 
-0.9167470434233551 -0.6849899770211818 -0.3053955034363147 0.3325720658332767 0.0931501793721925 0.22330422036427988 0.9661464297663833 -0.609091297237496 -0.4727779048544931 0.9033985372089168 0.1109579473701261 -0.3305242196605904 -0.9353235681104224 0.38669204267224555 0.15099560403679835 -0.5946061551295745 
0.813317239003448 -0.6049819197113293 0.7447179379984541 0.4830708479457513 0.7093470134630147 0.34629403991422714 0.017874586230687495 0.6661444391659221 -0.2472637657096426 0.6241953111087852 0.7527225433499842 -0.7945131495303608 0.32544875125868433 -0.2227257726850953 0.9933276676760563 0.3486907166962898 
0.16963332644133522 -0.18647286137496621 0.13447883627295898 0.7351916101336984 -0.7175080860537648 0.537739113912789 -0.1629527297822544 0.9551908172562298 0.05245082022437386 0.6373242808669051 -0.873826033414445 -0.34473137674824716 0.4948256203708361 0.06412283514330475 -0.26143469345532955 0.08879958358305418 
0.43999403533808557 -0.6680488072722262 0.6893095409225538 -0.600574601950081 0.3775452497654963 -0.16217227383250354 -0.3771714352927882 -0.45741696938902354 0.9615211759746762 0.70065855408847 0.748762011500065 0.31683867754111894 0.7444917964840048 0.14754601495307007 -0.7813265276463237 -0.5070594254162195 
0.670307406254032 -0.4859096105742011 0.8810909349461391 -0.36842692340910355 0.5298548031885613 0.8616026694870329 -0.5990116142412842 -0.9411453794181619 -0.4027929589984791 0.2575402512027112 0.2055820397057775 0.04459366668433362 -0.0667615297494264 0.5298690936780484 -0.1392420510954815 -0.8379402141528809 
-0.20966045166435676 -0.35451949741007227 0.8181983053986299 0.46585767772652775 0.5005220744489343 -0.8835380474891232 -0.48616059682038903 -0.055596739801283324 -0.08907181005510201 0.768803437788339 0.537299950095609 -0.7570553148925439 -0.41197778899747695 -0.5659070906778578 -0.20670437047871748 0.33582916472978597 
0.30682519435989675 -0.9473743852994903 -0.27988931329729105 -0.5520551959391151 -0.6569562897625147 0.3500656718840005 0.44443210432351954 0.8882440309165325 0.48747201269389806 -0.950556530089554 0.7189782266998741 -0.21831045189560339 0.9407995771051987 0.7752564421743284 -0.536715511905345 -0.9114739582083413 
0.026158977868102173 0.37521964850767797 0.893968189532971 -0.2549356842881667 0.11165254895681676 -0.4622743273183887 -0.1202965375249645 -0.6260324889883562 -0.7122573903315081 -0.20004453572782954 0.9933981722090781 -0.2493709085846716 0.18092484368155048 -0.8289294615605887 0.15195523245314102 -0.5087168118916401 
-0.366534832706658 -0.5116734795711273 0.7397735232035612 -0.3451459300844957 0.5202793888347859 -0.9826818153765828 0.7397995230140162 0.35037530781101367 -0.3852815106246721 -0.5007223936871164 0.12474003236130127 0.4025985943828918 -0.6589745662594553 0.9891083674018946 -0.05408807357557155 -0.2365155533393355 
-0.23071654444928957 0.5958051514328215 0.3873994814772568 0.764015772211337 0.8296070663274533 0.28359942769507085 -0.22302365924927114 0.10840704915398702 0.05993196753259711 0.14086705729812343 0.07387253016659256 -0.5542372765902621 -0.8806231379744924 0.6259519506891209 0.4712756558186244 0.00508230632277229 
0.2727496453054419 -0.6312969993844524 0.48641671064663305 -0.7160497632236054 0.61262232481137 0.30337331448561033 -0.7617056374694726 0.10798893384933694 0.07521256549017163 0.8056377399809651 -0.5004890335086778 -0.8276233919351688 0.35194232510468515 -0.2844100417091704 0.5455784937203525 -0.5728114029505607 
0.5867003728264759 -0.29315225425903635 0.4417367182570935 0.7656619953878336 0.6021179544406965 0.46895289737899537 -0.6517527948199187 0.6333143313870242 0.5604401556425276 -0.23724128568202718 0.10187915649168366 0.6914032674670278 -0.5922710555468242 -0.29840311140090936 -0.08044506087516945 -0.21717409761659145 
-0.5321302904480276 0.9068544366072067 -0.02689962602820173 0.4249494562055789 -0.04466246940144236 -0.4659124261054419 0.49109997586913035 0.30031254564737875 0.8147453783596614 0.9788636059947347 -0.4878550418941421 -0.35544909040890604 -0.9578573443265535 -0.34101661181488163 0.6696090307286668 0.11122429234953457 
0.55357646606442 0.17980810432239624 0.7498411117140631 -0.34457039440163895 0.6433909169679282 0.9057046076629849 0.8050860353124258 0.40797090983691375 -0.08284691314072146 -0.29399018922204756 0.47096773142002335 -0.6780518367882373 0.17278046404364433 0.016699127394912416 -0.058321903882572856 0.3967370698461854 
-0.988508252576213 0.9623413967277277 0.7762709964263623 0.6019911133058757 -0.8290788124890602 0.1268627725005691 0.653622929116112 0.2498305694082097 0.18915266499366745 -0.6270897962865702 -0.7876055046059396 -0.8233732265028453 0.7927625036649897 0.04184045809182302 -0.9228275081363067 0.6482159027704775 
-0.4510721598066969 -0.5229276244264072 -0.4792860200690856 0.6676530499093871 -0.06993374590904944 0.8964845931066379 0.09613717151083456 0.2913006948097938 0.5362749248092751 0.4021569671196352 0.8108035327742471 -0.5261927145542695 -0.5290356065018884 0.7702985631688575 0.26781751668959486 -0.7851874381179029 
-0.2429312440179625 0.49709607249499355 0.0795401497362136 -0.3458324167639448 0.294996725258482 -0.3436950180644547 -0.7063195716186115 0.9614287591150921 0.8741141577407596 -0.5446745569419111 0.4718628382099028 0.8745035087089417 0.8421623701720697 0.13503730452557194 0.33501365795707927 -0.6445822829465369 
-0.5217807843887095 0.40355185148232 -0.6291631683688479 0.5748404522232562 -0.27712606326252054 -0.6533708698267422 0.7979066756162452 -0.8146613847210511 -0.6619213914895004 -0.4717164869317918 -0.29850279478839914 -0.03089135650674346 0.11853252988311791 0.25953528758166833 -0.6517032902166029 -0.6608878938109131 
-0.3479589131467524 -0.9120456462885429 -0.035430581078495615 0.3888179249603829 -0.786152997553647 -0.06545866981759207 -0.8342610204231229 -0.9419540672815396 0.3600327646522532 0.4632516348026039 0.007413737118659336 -0.5034336137662851 -0.2234472934281737 -0.4648457239839927 0.19731689281927434 -0.5448256137750684 
