0.7378683839349476 0.2538062152236842 0.26949725334216823 -0.46476712200245496 -0.6183916427259961 -0.7497655268307513 0.07994097993798377 -0.7468763228116033 0.08183807073706095 0.6523015785872461 -0.9120383871909308 -0.9375934416007323 -0.7914194458446009 -0.7006079073780132 -0.48351774762783073 0.14407883741763738 
-0.9149052618543514 0.5252904047772788 -0.391688372021465 0.9913682035639184 -0.60719235924576 0.6077408925175976 -0.3137617967921664 -0.563022403216358 0.9953686655666407 -0.3003222733692188 -0.3429960993073957 0.39319441905109875 -0.08013864465541376 -0.3688683983891512 -0.7291675559682311 -0.853305085336526 
-0.9908642829245573 -0.6383372023566278 -0.6595264165078223 0.6284369853464298 0.9671312962683747 0.10553963173475878 0.5286914600371448 -0.8316737450890512 -0.9390088345466903 0.7701114890882945 -0.4457522398908784 0.5535146504320174 -0.3132955353753464 -0.4775507757044619 0.37987635030054423 -0.7779026391222121 
-0.27708923021131127 0.5970700440819534 0.5475686113878948 -0.5908875340989295 -0.4353866953362755 -0.7104175770607117 -0.2556053923202328 -0.3421249719659669 -0.6695179010741474 -0.5043784361961152 0.06577297599718146 0.03689582338381259 0.38633505905473076 -0.907810441637358 -0.60528278368705 -0.7773698440110339 
-0.3501632167991524 0.08542905347068741 -0.2873508595603804 -0.7959919088831633 0.023482177403125304 0.002087919940822358 -0.5578029711872867 0.9863911592400028 -0.5963299077957787 0.3664902290649019 -0.26501225633744796 -0.9739001088352677 -0.9495327616553277 -0.6879378204956752 0.19896378564733408 -0.3771725456314008 
0.18109020539982135 0.5075185806436302 0.3723973265659166 -0.6057528625235129 0.8394492008289984 0.8455979117493324 -0.7135610830194339 0.14155995524837084 -0.2328128409451642 -0.09005066063776868 -0.4838070214085588 -0.9500275634407656 0.05616539712552582 0.9537814315145496 -0.10246170605340832 0.19552634373451538 
-0.25605182304265584 -0.8352087146671885 0.5034247644004717 -0.3602546220615461 0.563836229757211 0.6715857933989418 -0.9885105514412107 0.48936036205112954 -0.3691725703451296 -0.39183258431815404 -0.4719439455045136 0.7900360847573085 -0.5304971899634205 0.032113047082051205 0.3803343890309818 -0.7456054597721904 
-0.9313577099521497 0.6636177190409778 -0.5893151571150239 0.5632695409578568 0.8168512315360457 -0.6591156620864209 0.798034800133316 0.9724191012434991 0.4823677544912446 0.709001217014388 0.4552274408541406 -0.3529925337614743 -0.0684526140407804 -0.9163214445562429 0.7251019857505006 0.5821439374121964 
-0.5557198219407162 -0.2547153062068175 0.34833483686010047 0.42259334399687454 -0.6756430541572422 0.3268184340501654 0.7646109085404325 -0.6229037320015298 0.08857566392583482 -0.9383905300034252 -0.6875364969683733 -0.39124507339369696 0.8346626046911878 0.8436837567308666 0.9707100553331498 -0.5405498588174771 
-0.7961010182256825 0.03702544010137476 0.40290633452916014 -0.91173639651509 0.10189461284366885 0.7915325159532924 0.8959131315368145 0.2770854634121067 0.8050098427778354 0.924661944923654 0.1925524465568269 0.9325560594419731 -0.2257892436389759 -0.7037737274825913 -0.21645066742092123 -0.008367800951790905 
0.5852911477533698 -0.9945396483985791 -0.959146144826317 -0.6441143607972803 -0.6650724628337528 0.26611515676633024 -0.7330167498269107 -0.9893781267244304 0.33829653458856157 -0.8691207230809981 -0.01962960795897417 -0.6308705340790677 0.9828733437342942 0.21514642841310083 -0.799811919393971 -0.7476746279564237 
-0.8115249168130356 -0.20237145061366002 0.24621503040493842 -0.7641008463246854 0.13001785385691877 0.865469829654443 0.6228978742885951 0.7134706211617052 -0.5266130913870488 0.48936499472424244 0.46196622298003875 0.7277062801898939 0.8715556219173837 -0.09922315969158402 -0.11238314760026435 -0.4812192986084669 
0.7872690039975334 -0.374410776817359 -0.02149731706302993 0.2765743732007504 0.34496682491958963 0.13950077087765544 -0.09845415749422082 0.6719128582933691 0.2855042031015449 0.6331467055751996 -0.12795989294735577 -0.8598227042505275 -0.651524680052064 0.07885242092081546 0.5963033612302284 -0.13051702912672547 
0.3251349615079746 -0.48405725644907416 -0.42421652759596706 -0.9570918654473308 0.9570472582487539 -0.780008164527944 0.7925404710921449 0.4250400140870698 0.1139919967383285 -0.3618998104619051 -0.21618826698272975 0.44342889244935546 0.5182837151068795 0.14539789527437175 -0.6364147293592763 0.20704823105350645 
-0.134468666595291 -0.08419735682209306 -0.4397547621815092 0.8269219520238169 0.1779177621254504 -0.7255568214066179 0.29319509740445215 -0.8799283180937407 0.9088609492127664 0.1467297359849391 0.481839907397434 -0.5116717375984561 0.15777490273975614 -0.36091402253282157 0.9927314884436833 0.5220130098701412 
-0.6888648395112906 -0.704132450270714 0.1601912443925011 0.010404732196040767 0.5977265793905331 -0.968569950265892 0.9467718961847309 0.8437094037976252 0.09115524923018459 -0.8600156923799598 -0.41637520192486566 -0.5139271662987872 0.29866913489287894 0.4279743911351679 0.8893646821449281 0.3955333915086747 
-0.9182020415585248 0.07612815177092913 0.7559265804423241 -0.1293273735993956 0.35868122686086634 -0.5885165271187398 -0.8604914528181573 -0.22567883309448233 0.16751032926976817 0.6387035888469201 0.7247225831727744 -0.14202484944715654 0.01482163081534904 -0.35230120250482666 0.301494375243889 -0.19165529776421075 
-0.8995388255668963 0.8604170865598779 -0.9084089978277381 -0.787765508019038 -0.5583709418340148 0.5277027466267112 -0.9761271482267737 -0.12596288356423657 0.003614021603981721 0.12619169894590665 -0.6557463483184798 -0.29650771986052704 0.2169025085626055 -0.4464307560475431 0.7446168156027673 0.1125076901826505 
0.517549747603691 0.014996113125510968 -0.10487186886627287 0.9868498044966698 0.9518454316404739 -0.0469161581655968 -0.7425969485840311 -0.9932605669243937 0.6744189774914158 -0.5132831889241809 0.20896470920196397 -0.42353107797303324 -0.6053438194803196 -0.45160433563045554 -0.3027843597065558 0.12224319311657461 
-0.9320867814370846 -0.1657495252890231 -0.7387168504731794 -0.4688828268426841 0.4835435459794506 0.8179410873338764 0.04634571702301149 0.22117579751840943 -0.8763589217454897 -0.3484638850320789 0.38928522099834484 0.046258133337161444 -0.4997957175518428 0.27333924505403817 0.5797136207801241 0.8354106859142032 
0.6486605181108962 -0.294796487673173 0.4314268709252902 -0.09500562288414849 0.720050693379946 0.6361389594319014 -0.9190118864427774 0.6035524561554901 -0.021149413195042266 0.18042090739114114 0.4621392464876217 -0.5104479688903556 0.6374671206660454 0.2527439612266962 -0.1539164926604759 0.7038165622459518 
0.6986494174819293 -0.5466618118574642 -0.19247003906063553 -0.9011066273966102 0.9958460736478851 -0.8123944367971263 -0.3692693703311871 -0.6526845251066105 -0.6106016643818366 0.6511756723653779 -0.14977807665176623 0.22831460401988712 0.13714681392551964 0.09049049059506897 0.6272020623164616 -0.1850889852144011 
-0.6122372933377094 -0.07069471474376932 -0.954639814887287 0.01592568142298245 0.685696781952478 -0.19904389686033386 0.4175383563979371 -0.1114000863026483 -0.7621105418608545 -0.962363713538245 0.1703009022393085 0.6214860300658711 0.5203930823620206 -0.4479473845789157 0.6035347205717321 -0.4472584086370768 
0.5091271154142949 0.5764210272540133 0.44270701031308257 -0.9337861851981843 -0.37888592944012744 -0.6734897776511655 0.614640763090812 -0.8494081189971234 0.5169335804040514 -0.11772940786595121 -0.17745874923092542 -0.9725407206510301 -0.5676446409308538 -0.38724252641440127 0.47684651064952277 0.3914378474089786 
0.029718089122959812 0.9814006027730875 -0.5432209323471779 -0.25999370389117216 -0.9470895115024205 0.21330579318216358 0.79533454999108 0.1720029906216638 -0.6640344926689916 0.8248243299449365 0.21822965763216473 -0.5646662141638965 0.27596580861300124 0.436945954914042 -0.5445436235465724 -0.3829569186261721 
-0.9088170604198809 0.6246114654217063 -0.4863672942064776 0.9155608161044022 0.45149132177971696 -0.8657692394139349 -0.48287182724116695 0.6743197038327382 0.32681140784626117 0.8295175099267718 -0.5760483870848372 -0.7908864321181757 0.1502732176238435 -0.6664880514494858 -0.5916635314734051 -0.4636617387968367 
-0.5213344251041834 -0.7547114152977201 -0.7784334267686357 0.8101578512346541 -0.7939925825599747 -0.3110001047740647 0.12644351299389478 -0.3232582610188055 0.3288160831010789 -0.832935528488284 -0.048643624850820855 0.5635421117075525 0.28627620022334854 -0.22990372269635273 -0.5813315433653465 0.7711429035058226 
0.26528982675830104 -0.8182347422196417 0.5229679088141324 -0.8213312947890044 0.22054143115432812 -0.296200077392361 0.955342330557083 -0.37436555293061424 0.49662188504919214 -0.3896622616708423 -0.8097007526257689 0.7580853036966522 -0.9003080912694885 0.040917940585525336 -0.7963685320870377 -0.4203119112277083 
-0.5250535782379417 -0.8116825565989587 -0.995568929655837 0.7161661390720697 0.8038377743371936 -0.5744350731973884 0.5379186267142941 -0.10584795897204557 0.5944946489095626 0.03469815162760859 0.302187445951728 0.0031034400477703006 0.7969932447358381 -0.3233332429418938 -0.9568254380455128 0.42679915471417695 
-0.3296884487652334 0.9601189518368396 -0.4589956487983857 0.17595389760407532 -0.09883608875424388 0.7313188760687965 -0.9300439010352459 0.9362075672710319 0.613311018643742 0.009283153420713397 -0.0848177247974673 -0.24752640892521294 -0.34049503211059995 -0.9620010515075486 0.5991092838044769 -0.7724585523097558 
-0.3881935208925189 -0.913469332397834 0.09321038954800875 0.11167519550733074 -0.47250393499006993 -0.32530521541849566 -0.7343561096044722 -0.9548923495772113 0.04500536659158594 -0.09278647164023779 -0.5434296820894298 -0.9093318520924498 0.154367908045564 -0.531219509927378 -0.277406149488155 0.24631179850996543 
0.23225596841473028 -0.30652610150524917 0.07299693679254271 0.696857459800929 -0.9949571618364053 -0.763196627597807 -0.5682024228477307 -0.9953525400062222 -0.1729168697844634 -0.7672166088644303 -0.7795153346789636 0.14677026268442805 0.4410586165807009 0.21281599895494163 0.4700856858833673 -0.5402352845470648 
