-0.2068655050466337 0.3622624837281485 -0.7565664705979016 0.8638024510880977 -0.6485079817175545 0.6226383487511391 -0.16093526649350953 0.9967229604208978 -0.8331775650424567 -0.7512668182077351 0.8991931908867228 -0.8647321179981644 -0.946006591883688 -0.2738064129464015 0.7815902975952489 0.1949525348765364 
0.9595536125787658 -0.1535748226042546 0.4257896627136917 0.7435578436699584 0.37295010186074906 -0.36947166317133173 0.869283043119631 -0.8684532788087296 -0.44732431478530943 -0.14563517255816838 0.29789532207419 0.2764559547211183 0.3730236526113129 -0.4861325870886588 -0.35826989934381803 -0.09499130970801528 
0.6430703720589035 -0.8120845952981302 0.07624257298589643 0.8932876123706868 -0.9421022910671288 0.7963737403819644 -0.011763948090430354 -0.32783347270899 -0.48765906268053927 -0.9306980832883689 -0.6459036827981646 -0.07908965223091302 -0.3706043981753242 -0.7552345309546629 0.07353333256690364 0.6250105940844561 
-0.853757564638906 -0.9382931881755414 0.6196705319849949 0.4965059899941131 -0.6216072715700209 0.1299304182508736 0.7492721178035162 0.10033462422978912 0.10790629063397605 -0.19112982362012243 0.7109498851177616 -0.06858801845602724 -0.43032739143841514 -0.3193659789033838 -0.10351631031889141 -0.9848632652325935 
-0.2243201068176548 -0.9913258009639434 0.5287494308376723 -0.3738691046414606 -0.4151754857088521 -0.15899582323646388 -0.8631231190491706 0.22374670821847142 -0.7834293449472955 0.5731863037885965 -0.7957846434417515 0.5293901791433908 -0.4070604824211277 0.44806849939924565 -0.18924774489801455 0.7578521864168495 
0.06088251546289847 0.9681563924762429 -0.0949228006611289 0.38400854954431574 0.10229390533854055 0.629154603773834 -0.09497326812095741 -0.9147210277628883 0.9645357936921006 0.04949780109975932 0.4711826898209288 0.8364895312497211 0.8777733044043834 0.7541453092341368 -0.31907469212441986 0.09512527694271466 
-0.46704079364180107 -0.8668003089729739 0.6186002684206076 -0.31479096577234245 -0.8866650454282576 0.292607079701775 -0.5419216366382367 -0.9903840040534173 0.5673418718375098 -0.7102444120173568 -0.79233682782809 -0.04893907339854331 -0.15557707588319536 0.21781878043344505 0.29324879351497746 -0.9236892536223873 
-0.367393507740855 0.5799174427878531 -0.34461450436119234 0.3087854433553736 -0.9956564820948428 -0.569635683889836 -0.28551822632583335 0.7408947258547165 -0.5453166694123284 0.05249757550906131 0.14044934966019906 0.2578168618677341 0.10154881586278908 -0.6454379115589095 0.9472928486129706 -0.13832289645658347 
0.08961975407704648 -0.28360656379702354 -0.20047396489496605 0.4914132634206525 -0.4704435399240614 -0.7234093958570327 0.6432676318547623 0.82027758574662 0.21682294297189064 0.6593045898777079 -0.5085049764077871 0.1518694910284779 0.16216232698075994 0.9932791204748119 0.9184106365794862 -0.6967246891771872 
0.664914039920657 0.8731887840009562 0.3630924732151193 -0.7579276649998932 -0.4193358141834844 0.7798491121977358 0.41214037307435225 0.4114108138981549 0.718196132413145 0.698439312981652 0.3633773450555262 0.0817563982409617 0.7701555323087923 0.3766158459766433 0.3667378280587863 -0.7455458003363038 
0.8528179785740895 0.3816333754956629 0.19448769900601137 0.9493972099389216 0.4922453814443595 0.4846700754056865 0.7000658159799302 -0.6540405597153194 -0.812614742373093 -0.7977468248629458 0.8161358982690867 0.42323911439849926 -0.9503357451246359 0.7229180939403015 0.2409982595453839 0.9409837381349855 
0.05315422148237303 0.25838029461133294 0.3025888100117251 -0.6724335357526567 0.003676245642822318 0.1731733476831152 0.9615683001170938 0.05324876741646123 0.13652306024264815 -0.051727783713303666 -0.08715921220438383 0.7553925729337836 0.82535137967394 -0.8224833522829289 0.5286560541772014 0.17575845426475278 
-0.48233516706883495 0.14655730100243036 0.44980217965361735 0.6264311788954267 0.45272011526263634 0.7227948155128454 0.5814113746732414 -0.09386370321710658 0.9571169263359003 -0.9335620405427956 0.19451048494255851 -0.43496147595000134 0.05542330944394824 0.8940202159635526 0.014250594344958234 0.5767727429194454 
0.38604199939094985 -0.8796631229769283 0.05855962087943034 0.15672089154184699 -0.7583715472930459 0.2740091983899229 0.5591616136916717 -0.9215922790100961 0.5759245461678639 -0.4106514342468537 -0.8118356514370226 0.09059683701336319 -0.37924342416534285 0.5084412840719417 -0.5233896829361915 -0.28915587546440036 
-0.15302757721405458 -0.9910440522705961 0.3452597063334413 -0.4366264862874638 0.15347037656431683 0.0987047818993092 -0.482472117391912 0.7893633736083947 -0.0006273606230344786 -0.9985654035476144 0.6824689110046587 0.9954105378972364 0.23650137339765864 -0.06922186769913474 -0.2879564234982057 0.5373581856047938 
-0.5699759069190187 -0.3463651761553208 -0.8548485139011235 0.2535402939997107 -0.6302672166297518 -0.6334768864050249 -0.43265093987310865 0.01923180351647047 -0.05295546366402304 -0.337689735280871 0.772949374864019 -0.7319328032219894 0.5552140761620112 0.7251741742787559 -0.6801653340746205 0.6892520027357667 
-0.9317929493587309 -0.9668064320966072 0.3953357719041872 0.5196912266900893 -0.34644313697710083 -0.5002656441438942 -0.34634265299537415 -0.14018485983447926 0.5598599369881461 -0.6817074281000437 -0.1547527107429949 0.20082388603884005 -0.969051440348623 0.5382129720701625 -0.15610427748071332 -0.007058346194536824 
0.47494940868629 -0.6743428698626475 0.3664087679687682 -0.37175312087273293 -0.10668620863075695 -0.20193201436512953 -0.5920835586069948 0.5096411006103343 -0.9397289455551441 -0.16884854798279147 0.29866416868640755 0.7544856495827543 0.5591235725309236 -0.353693422798411 -0.02022596081812722 -0.30442075836941007 
0.30800319078291793 0.4396618938671444 -0.4512691304296783 0.26222761858093846 -0.4099335222591769 0.45589273617466675 -0.6413016669177185 0.3090862232480891 -0.0006560215285984494 -0.9055365860134137 -0.27625997555930315 0.004114678926460114 0.3195181423880784 -0.5016235224462973 0.19227708629038465 -0.5058253078728969 
0.9680644288860794 0.9875735581291394 -0.6213574553352195 0.6459452896559075 0.06536137144075438 0.6404026042214754 0.9388256309620848 -0.7513638736430159 0.593514882896196 -0.5890274111279827 0.2484318689527869 0.3107933574829218 -0.05810969328074744 -0.5586136583147598 0.05712947290965853 0.7743745943999942 
-0.15475997942699982 0.9499485405919783 -0.4800695536394781 -0.9178204466296283 -0.39115196136079877 0.8721524237109104 0.31174803078229996 -0.5288525798836554 0.7965465724183591 0.5132905121248581 0.3693471834370723 -0.896306948238601 -0.5677795550556399 0.3540883626353388 0.8493246154497291 0.5790929665873565 
0.971082695296396 -0.5708070027000747 -0.6789286939781383 0.07086343862671152 -0.7877105417909147 0.4006053593678014 -0.5863021083071827 -0.1374405323071628 0.1880672760805473 0.5489094496902083 -0.14373709697446224 -0.7778173844516272 -0.9225767048213687 -0.9543884677801617 -0.04886591630531867 0.21124831559170976 
0.9175968862192778 -0.5721728240816142 0.6541944862480364 0.24249907386036718 -0.14957438285274693 0.6849182477031766 0.6536978516396172 -0.8803064134008745 0.7959974386002915 0.11319848957247425 0.449555802644259 0.8618411208054337 0.7968715458838134 -0.5102352429485297 -0.5658524750043596 0.9302905869430176 
-0.3981978304665672 0.7611404979617438 -0.670874390613323 0.44980143385371574 -0.9256882695305395 -0.257033019230265 0.3200415134850638 -0.0037998608868976547 0.06005276952493843 0.36399976926171274 0.21394047026630347 0.857116233421154 0.4170247350024483 -0.6970952599998144 -0.5905220877439741 -0.8737002655041792 
0.21174682875992845 0.5352343766384842 0.005669666369741089 -0.9698137674869636 0.9751500236703785 -0.9980668278135414 0.1340319160993606 -0.8642692715407401 -0.4258414811436937 0.39101409233839 0.1843415855501387 0.1427456021775475 0.9333228968945249 0.07541559412162391 -0.43561211911616526 -0.7605962946417606 
0.26340672921002994 -0.6587078619043598 -0.15955218308335972 0.28123905117801273 -0.3014260924112644 -0.3034912430429928 0.996802982243135 -0.2114695411515115 -0.08106440176079577 0.26482589730981165 -0.7208041695774252 -0.7352720698338349 0.17137439292614554 -0.8547739827686971 -0.25369561958805353 -0.9103844402120982 
0.36822318972553125 -0.35424511597311104 -0.4259977483221937 -0.11228934688185266 -0.42890001164638325 -0.26186254729083913 -0.8412815025038176 0.6206810468105906 0.5239065985706526 0.03786003362745216 0.10253885050244982 -0.2140777527328297 0.5086260513221337 0.13665369719858633 -0.9830309129439867 -0.6943173379701246 
-0.17864854118140827 -0.39142098536007786 0.9849942630205706 -0.3125286646489356 0.16539753931229506 0.5358163593611616 -0.13635474372607503 0.1210151868563294 -0.4029714452405446 0.6206382153099619 -0.8216462154369413 -0.8896000529584449 0.14845078425572322 -0.3124336291378702 0.11470381860290435 -0.9229140973968473 
-0.29730302262360175 -0.34998051019668663 -0.8772552823603039 0.6278079611998586 0.2619158372722381 0.4731853529132868 0.9517847671012893 -0.8295706734611246 0.6207879481674949 -0.2063793019496969 0.6013903747940856 -0.7535163687561386 0.45565200985824506 0.03339763103785276 0.47570312678233906 -0.9447370840503684 
-0.5825346736763968 0.44481126080857214 -0.7294105674847211 0.5261228229493766 -0.43013242240263216 -0.40649179037514704 0.2898210854402157 -0.23548809072168786 -0.42008085511893256 0.6602861665237487 0.05532038216546309 -0.3123299483329913 -0.26626135518924965 0.6852411802209399 0.3628277329417262 -0.5798147126020416 
-0.3061929893677391 0.7720604101334008 0.09094878390340888 0.2146758821362733 0.7486161170432222 0.46913606173992295 0.015287618969528793 -0.0015353323837774546 0.9003006411756982 0.25720552395725593 -0.14337009229726894 0.8738991911371905 -0.4949052827170015 -0.16890047264992503 0.07108258083346519 -0.8604731315326575 
0.10800686368481327 -0.5402841527171065 -0.20796418142477568 -0.4437593867248881 -0.8563221864789463 0.18154040770064217 -0.9253607045367305 -0.9999854779717019 0.4773762635129406 0.07295553653611542 -0.25641202897229354 0.7374693773855638 0.05840680167363521 0.5480779097470163 -0.6892392124784237 -0.3566573993852524 
