-0.9621619338969303 0.9352810359878732 -0.9290348605388117 -0.36369804600233024 0.0162631815024723 0.9133299408798838 -0.7925464870400059 -0.43502531382674214 -0.7332763500657975 -0.510332150158286 -0.9032303665045174 -0.1314449627366463 -0.3422198252680977 -0.4776072080074383 0.3793719365504227 0.13984990239075978 
-0.43226204978443694 -0.18179326481552027 0.6347401694889112 0.6072807047788045 0.10688960325938779 0.9276566234515815 -0.5689769687303956 0.12278093257510858 -0.38274179944026154 0.051892795002607794 -0.21204230382634748 -0.633838218043884 0.673170991938024 0.2934361057004087 -0.11527809905678121 0.16743002548708286 
0.3093286420489061 -0.7491358656775611 -0.2598050346254517 0.2631852942842141 -0.6388317702642088 0.9827786942770707 -0.9390277005795231 0.8670085768259168 0.272025204077073 -0.08618443933105602 -0.22896379369865172 -0.5370611003795565 0.5711327146523844 0.10984932204027853 0.7733730549349074 -0.5379495630801738 
0.6585582737704898 0.17479785803155257 -0.24932653068005983 0.6379708405129967 -0.25520911027099524 -0.8613241408162875 -0.8611934367311271 0.8363576183973067 0.2997487652180837 -0.9896863436971557 0.9261626751899008 -0.7803455572017615 -0.9962989727083109 0.5390864587526096 -0.2575029151651562 0.8903021847933672 
0.6783857531010964 -0.2501369741308781 0.43859380087280586 -0.33484974097668685 0.8104832797084576 -0.5960180047665644 -0.16496255027248408 -0.7687417014801043 0.8299772914106451 0.3897396550969805 0.7322403301523686 0.10730690456669767 -0.05769264612109737 0.44328459795696196 0.0903074798161334 0.3712744736258067 
-0.24067349156942575 0.007996355882467832 -0.5177548231575713 0.7783925398565603 -0.5729217640930986 0.6682908783531316 -0.0969011245997522 0.5727314390042628 -0.41210987102369523 0.18009740818992293 0.4300565300168555 -0.9846899084756433 -0.37729697494271885 0.41400811463628484 -0.8265874599650447 0.9476405244598334 
-0.07704115351456475 -0.33926979577662286 -0.1082181873844934 0.4946953952324995 -0.8729989988230533 0.5633621617979885 -0.5991813924582461 -0.977999867148889 0.3379380463140811 -0.5577566186303662 -0.7858255876065547 0.3408115741187949 0.49599777157485314 -0.15935896702574182 0.3568200502773089 0.8257029391063391 
0.3739259069938903 -0.869864464332313 -0.21705335153237493 -0.5074471525245563 0.2254519912488424 0.6964258953689397 -0.4071171898507824 0.3892678653517314 -0.17911583901569528 0.26481622066788835 0.3609192170922677 -0.4556034912339746 -0.21387761157709284 0.4740515820077469 0.15868028011307178 -0.9589374982627397 
0.9301236124407761 0.10152830472030971 0.03762470893660841 -0.4075360200750673 0.01902585513396038 -0.3740954665488998 -0.8131409562984238 0.6086394088698455 -0.9500922929910507 -0.5332824665944029 -0.8052747891250724 -0.054032439806129595 0.9252128009929199 0.4471856145034647 -0.6972475624236802 0.6926591557606916 
-0.47242873852269907 0.5914942917774506 0.44218226889187306 0.7446960962119935 0.1846674876785639 0.7298598125225886 0.4597404167590826 -0.04138408246794012 0.6537626926859179 -0.42530360993814353 0.9641860590582543 0.3649519789164475 0.08416664978963428 -0.4635434737234796 0.15263821664352162 -0.04899811018388345 
-0.5538772103449412 -0.15172105997422758 0.6069918462498387 -0.039921085416569246 0.7332661644940999 -0.9639399277142537 -0.12099682612913609 -0.20392395799504515 -0.5295842861988609 -0.6024821688109598 -0.061836486773068966 0.9136668973173954 0.24114413913525845 -0.5436710954534907 -0.8474656542826118 0.6142028057728022 
-0.8856703736378346 -0.9485881918338628 0.6016601922430218 0.14625443031524377 0.5417194598110104 -0.44518079888585205 0.4904958728542217 -0.255414168064259 -0.2505978865033389 -0.6233950434206965 -0.8628381579711595 -0.640448104344199 -0.5593184522704642 0.15743674016537756 0.6920407753676097 0.6018201186497969 
-0.7292814205783746 0.3780401809567355 -0.18447298111318777 -0.1789861818288827 -0.061788240143918705 -0.8138437454084193 0.6018259041462772 0.08152712346798419 0.5935380901485374 0.43131112887762435 -0.17601142306248008 0.6258284703291475 -0.33166580844245885 -0.6984645769415665 -0.6221695394481521 0.9638308814232557 
0.522261124932577 -0.8673245545468868 0.8015586735694764 0.4935427444541043 0.3128267385352421 0.4566476141790845 0.8575534871194379 -0.37143106052371677 0.10636522369895984 0.9695624400585563 0.1228803491560817 -0.6138823174804855 -0.7069932039520557 -0.6892026536028728 0.08470474600026967 0.37406182613247907 
-0.9779889576083727 -0.24241618127221765 0.06902035443537247 0.22559438784210029 0.4274813328373268 -0.24072870553001136 0.35611961955529314 -0.7135877920596319 0.4432001742016938 -0.6525313304745075 0.9284782814501642 -0.8788795329586643 -0.6485743705456217 0.9877132673367364 0.9303302972744241 0.6323558664560165 
-0.6537219488016794 0.6734346870665209 0.3000740915354907 -0.9339961153843273 -0.07475098805016311 -0.9833305212505936 -0.5508358720179964 0.7024457671006425 0.350789281297303 -0.3426193266544395 -0.19216543984197187 -0.7088776179116365 -0.39450474399270163 -0.052616270357321415 -0.4151148143264598 0.458026578556735 
-0.21449736551981013 0.033202358916612607 -0.8084952353098778 -0.05685099813062022 -0.2852770252355683 -0.05288333678304591 0.4951034193521304 0.7741317680781057 0.8345173109519373 0.5487959463836845 -0.32273698583452837 -0.874987517004163 -0.9031114217160103 0.40970691815377736 0.9703867552264769 -0.33990477022799004 
-0.5971718625634179 0.38746409251684866 0.22920312499618678 0.8460388089873274 0.5008839800657605 -0.46374762441229955 0.47250742436684146 0.11196496923667887 -0.9637893424281183 -0.6721226445271997 0.43293800756039547 -0.7882547679693503 -0.3207137363390047 -0.062091260589962394 0.15387009645244687 0.30323267872066517 
0.0751330596727009 -0.1635467211787509 0.03445283853718095 0.6522827498483168 0.9862923980288141 0.03891194582980617 0.17028871489689368 0.4144977811262771 0.7611560934591486 -0.310114219911652 0.8374918146718202 -0.06473804144930217 0.7937586910441023 -0.8667478757376583 0.8665982721050265 -0.9418232847821819 
0.9403216546895055 -0.6714997249911303 -0.24437736837997504 -0.4287382388606591 0.9550910449977437 0.5632856500522914 -0.2826273279745706 0.02727701592921883 0.3324297270114642 0.7923566408577669 -0.4117248042087547 -0.2882833252987618 -0.9758433687437555 -0.6929162201374413 -0.9227480918537854 -0.6594174571950355 
0.6052014902578731 0.23777686055868696 0.5806798856424202 -0.508938426020904 0.8538635934843668 -0.9765848866920372 0.055601479420589905 0.6808442680162186 0.7733141785542714 0.4365620221403812 0.6432981552158747 -0.11669352733869087 0.9388234751511542 -0.4845309326719309 0.7207644639969801 0.3012810701287514 
0.5743403434216752 -0.3693056865251918 0.8902279478359751 -0.5219033240085942 0.5753226647460963 -0.8112493809693564 -0.7100922415168629 0.15816481635759616 -0.7325247900568843 -0.8031889760954192 -0.7394954441599482 0.6586947092377029 0.2690597111524988 -0.42364869573883035 -0.9506088005875173 0.29736820596866886 
-0.6498522548487813 -0.05312421291099567 -0.5490349178030587 -0.5552335780754347 -0.38576715539798045 0.19121173380861967 0.5831853204403021 0.35725489658484233 -0.4935202929398621 -0.38213482809345845 -0.7013868442468059 0.9856056857870117 0.5845873479836867 -0.3344180620864643 0.7620223022274837 -0.06486212255918922 
-0.16693864603252773 0.8679954515727601 -0.14595155821943617 0.6287107962822831 -0.8673830784695895 0.557756090505886 0.6388206862913448 0.21991418559954856 -0.47509152445872793 0.47324745748002117 0.8362130532139771 0.7243509642638011 0.8324931217622384 0.13960215484026062 -0.03665981595562018 -0.22172084653157587 
-0.8338321953238259 0.8052006453246641 0.48505694670537913 -0.504988383128175 -0.22379812364827 0.9237703105283532 -0.8051775692757275 0.40434017869392247 -0.8997339458098552 0.16550433704211054 0.40938363383981624 -0.9184939596941015 -0.5138187570883956 0.1619646730367974 -0.1454578513784177 0.6115237279021664 
0.8062629671971078 -0.8083931158758093 -0.0978757856198238 0.9061729400590166 0.27414751018680583 -0.11760655258148267 0.19194020137340329 -0.4409515838388285 -0.6455000269612639 0.614687630218089 -0.38762759533939506 0.9198929812722996 0.31057443466180445 0.781100753088547 0.45305535572292466 0.0021634958081679923 
0.978368579534888 -0.1270819581778242 0.5600420452084671 -0.22599750136286345 -0.7142683777701744 -0.10154158876713959 0.7150620409211199 -0.2831241338670736 -0.97660970153302 -0.4787051949900425 0.10799907141102683 0.6313585519979026 -0.11581585453541954 0.38935626284952574 0.25575499840009086 0.9753198425761753 
0.9783649945247557 0.3770345915140163 -0.9947756250477644 -0.6718293424446344 0.34689853561833894 0.6301628353944462 0.5118847882109221 -0.9744441088179023 0.3735145230872394 -0.779369694802849 -0.1320458716150572 -0.7660687783181619 -0.6911443224474692 -0.7540823731390514 0.9672375819891086 0.7399557140804411 
-0.056594987217532866 0.7319631488412071 0.844093961800704 0.009569872332637841 0.7593051659080741 -0.9850246639883979 -0.8966160718019904 -0.14522260178366309 0.08038252699267234 0.19197198222072243 -0.40189455312433053 0.9303958275689799 -0.2799580129058159 -0.4937306700883224 -0.3202654777411664 -0.906128857196401 
-0.9282877100425007 -0.9336484138769612 0.05020410559552202 -0.6842987954572848 0.1778561816555373 -0.62573664812407 -0.8057021079731856 -0.3542563544604307 -0.3580618138038707 0.7244404583780468 0.6652331303340517 0.931595973290184 -0.4987529687361194 0.6373709230736067 -0.3839463882568994 -0.09531282995106283 
0.618784594190837 -0.08607055838081035 -0.558681197234413 -0.8296776237383301 -0.768001107294572 0.15887599565792487 0.34947987655410273 -0.8839296772518208 0.8343959089905528 -0.9738834572582606 -0.9858055141680495 -0.8788504338597105 0.18149520368799288 0.3003027724056304 0.8913758657462769 -0.6275810866539369 
0.22583577312991276 0.9312369493017194 0.29042495146262626 -0.6982112227791071 0.014047330651915324 0.5154303678348555 0.05144272663911931 -0.718758318929001 0.8323533548760511 -0.12069949645178779 -0.3763274262537484 0.737625070484494 0.6982103839929441 0.28673551633034733 -0.7695233359296552 -0.6660685617712794 
