0.21862918297773892 -0.3644891153425147 -0.680742409450869 0.2472031424644352 -0.6750445983657929 0.5788172070054796 0.9702486273735749 -0.037066474259141335 0.6221357935868164 0.7248363827677389 0.5948243237735131 0.38642377469024547 0.005835791440299998 -0.36337330992298345 -0.31643491753240416 0.365045881898306 
0.6784305116897018 0.41636741424604584 0.0016749074252786489 -0.9216546628648801 -0.7184130657558576 -0.32242332578382316 0.05263916804297053 0.853284934776189 -0.6772745870349632 -0.5291280250074888 0.2349132623063217 0.503254013858264 -0.1340497271217096 -0.8868995466756031 0.015832225365824737 0.7250294738288039 
0.6367165718833705 0.9598948308973356 -0.07294720334896487 0.8096227908962179 0.3089152310886871 0.37638406652323897 0.6857627005325582 -0.7049089819853431 0.5962061679607336 -0.4732322712978989 -0.5267590362612222 -0.8083595577902773 0.7070305591645967 0.4978344337616376 0.41904469800892663 -0.1901465689840045 
0.5219802737300618 -0.43749127622134565 0.4076152825912025 -0.8763624291144607 -0.6010055545690671 -0.9491935560208928 -0.1700645260464586 0.4986023861721385 -0.8348423579812765 -0.3226758055882155 -0.26018298901778514 -0.8295334036973507 -0.5114987199636774 -0.3450903652876991 -0.6533361393824708 -0.1024907268602595 
0.7686238517405064 -0.6502453964250035 0.46747575976127576 0.06679638471906668 0.007207205709814257 0.13267107675041334 0.7458290987520031 -0.17654162267007978 -0.4943348696335388 -0.4084996411531525 0.06135058666983828 0.5896347070242645 -0.7776327365615661 0.3436004668400756 -0.5094650980603792 0.49296880585985026 
-0.4931242389924284 -0.7191058718648646 0.13711842817006392 0.23051271939860207 -0.8302414041127755 0.39348710125783604 -0.9629706089578367 -0.22386082979137178 0.23707814154129614 0.3341721377775695 -0.2130380335921207 -0.5376692222483688 -0.96212497940135 -0.11999886926721959 0.3881837851989913 -0.15400086356342846 
0.08252843473227256 0.018995708389359045 0.298900048082422 -0.1840740777123715 0.7656396070372196 0.12774384674166095 -0.42511208144179036 0.4174271012389634 0.10975365810551496 0.27612491478891354 0.7259572025691725 0.9067640148298237 -0.5274023062413988 0.5382244090957005 -0.7309456751765289 0.1283062078254369 
0.2717089894468805 0.6959411463303011 0.8773767786025779 0.018020241084805155 0.43626335843782993 0.2937461038464537 -0.55007499478625 -0.47864175373940876 0.6059507558714083 -0.5685304501431678 0.2458849792178277 0.9236244994298068 -0.9697167966763314 0.7017067164649824 -0.44904113765128395 0.2758940343742353 
-0.07598358495126001 -0.3201985121686395 -0.03352407262513446 -0.28715729464865736 0.0060387691522090226 -0.7615405933323427 -0.4742292595873676 -0.6614590680390611 -0.8915667718892293 -0.5904548420980655 0.532771627476277 0.9057709540443437 0.8449055919476185 -0.8679187233225876 -0.039175393181549056 -0.8073637721214908 
0.6106401664219965 -0.9360097116572974 0.7938754033742546 0.5635366230954739 -0.4507810853727128 -0.1626805865050307 -0.3448052844989742 -0.7241640631019872 -0.9639682110956516 -0.12619887479935876 -0.2286585834283663 0.5563603316730636 0.518030964627419 -0.8254264283006016 0.4052500019821368 0.8514088533008171 
-0.7328953576475103 0.7840969780147029 0.9971512046713025 0.30851012024112157 0.7674116857174911 -0.8019328906429635 0.8883870170115615 -0.972209837123696 -0.49327964770942945 -0.28229698085939203 0.24964138408570102 -0.9635222232598881 -0.09505389467007208 0.9981827261952612 0.7140849675739087 0.3682805287568356 
0.04921150637543814 0.17958917301950184 -0.03285650362395742 -0.734109041154495 -0.49761986149319526 -0.3169640982493862 0.24233537881398304 -0.20677853191029283 -0.5265314062656852 -0.4324005314905883 0.6513349784031586 -0.9440136834702206 0.5536738886765471 0.5570229206560189 0.15443266186494076 0.1707729536140432 
0.10623938300425428 -0.5754561969576868 -0.18447358352954168 0.35274153256167273 -0.8516616533773502 0.8696857275579972 0.8423371596287874 -0.5366456023729149 -0.44152290290972185 0.15848904522434504 0.803810958720814 0.6397614007356607 0.17921914208777578 0.2557554865894893 -0.11112154136566788 -0.5061059709551876 
0.18979573505414593 -0.3926053646801231 0.6975793491321638 0.9568260393834469 0.43239833579941855 0.42168785953128096 0.15515162246285552 -0.4211740018363548 -0.44195137716275323 0.35849800963174694 -0.02610218552091026 -0.43791121806777134 -0.037386698345084124 0.9421616189925728 -0.7336448078275528 0.11557009239169869 
-0.8368403920871341 0.3976311589158148 0.32497382502996075 0.13982588495734838 -0.2114444671579747 -0.2561445166097973 -0.3824061671472434 -0.606775558204224 -0.9823964779872241 -0.8405558504684254 0.29406355713034027 0.277331227049179 0.6361148449549476 0.42106768214293533 0.6217829030353526 -0.6977114138855782 
0.3656920910842667 -0.15242285355950624 0.7424079717162266 -0.2169710607661186 0.02589614124997852 0.7198881382806461 -0.5817994430240827 -0.9213363899900817 0.7200441712331374 0.2254387343882822 -0.5758264758349543 -0.5822005663668994 0.7541597357770244 -0.41689712281969027 0.8124014689865613 -0.9013897486609441 
0.7412136166282393 -0.12426384504622101 -0.7899039647133905 -0.008758487354929123 -0.03076491264842529 -0.9245468925923368 -0.39029322755154805 -0.07779587555592182 -0.6534812630956903 -0.16774144236639166 -0.8842734868582245 0.02339116496986704 -0.8776113746817567 0.5937591597012886 -0.5400968555649379 -0.6441191458142252 
0.28296854741390054 -0.5788266506608588 0.6039834726235416 0.522464046626951 0.2510916578474838 -0.6894165667444734 0.975041072972139 0.28972037696771924 0.6614804400125973 -0.9923015844371406 0.8702425514612147 0.7105505053060417 -0.2230835209198736 -0.3099263977386548 0.9462047657173003 0.3468063762043363 
0.20099001130784844 -0.45249179626538116 -0.8035008174074338 0.9851182818990178 -0.6308215514088251 -0.4378388231429622 0.08515807225772853 0.23717504714309778 0.6651910785525086 -0.9680930984653986 0.35930001769957887 -0.709656152674395 0.8562722335884598 -0.36830227300752827 0.1585521791818847 0.900615060142514 
0.016777039756596945 -0.693953305682953 -0.7786701858344474 -0.4475099242301539 -0.7426613566675042 0.9043875093620688 -0.6760292964780259 -0.1252026418147303 0.2682574338162902 -0.11825298883385615 0.5668006234175362 0.255174799050059 0.1987527839722132 -0.693524730630086 0.5542902247836168 0.039277322210225174 
-0.638909183525328 0.11040476168844893 -0.047523936519451526 -0.1978210529916995 -0.5637077742375185 -0.12199313557801839 -0.2599831422965797 -0.44519832273301563 0.5735432094004029 -0.1567152488697725 -0.8193094134724155 -0.7230181884434164 0.09812712181674987 0.7787890166195042 0.17840519800204357 -0.1027708678846837 
0.8070318873400475 -0.04611894442433684 0.4015791850258845 0.19816385640322776 0.9772722443256519 -0.5537464077253684 0.771037945697564 -0.6941363313158313 0.7483038231231645 -0.9663091739384355 0.9191925322799999 -0.7829505778470123 -0.9170882674395509 -0.9676504964761303 -0.48841974876468464 0.8795464937591946 
0.8897508671654142 -0.12919326890983607 0.21278284888362942 0.49340857746576394 0.8876299790211055 -0.9792476021586936 0.6958106070224799 0.9758386883427226 0.8065654317676587 0.4775654898836803 -0.4295705372170986 0.3990271573131734 0.011847496493373466 -0.6457392534384181 -0.5853731446541137 -0.022034223499698413 
0.5936907113837449 0.2924953446129739 0.843756142934559 0.34678795140444696 -0.02300241039615125 0.5224443920697648 -0.8621728511004563 0.5596280863685366 0.5012393300473683 0.04223089465255625 -0.9163225531339942 0.2221103781573217 -0.12385133974220097 0.02636948321697341 -0.6070319924425505 0.04093237577768183 
-0.1435705954594395 0.03945841522086768 -0.31056891631291905 0.07323695667761476 -0.906680317550592 -0.23791511826607192 -0.3795134059738876 -0.5553127958754092 -0.9609747119835184 0.2865087732843503 0.3034886256956779 0.7425865226293717 0.7196127545077875 0.20229968816823485 0.990127616256226 -0.5400791900595934 
0.5206934044036737 -0.4592991036955443 0.5952590629601306 0.43365831339742833 -0.005314753214066936 0.3648859825733388 0.1394501427273691 -0.7325559231433727 -0.8671647609643094 0.934362421361383 -0.9559589680233012 -0.45330869338780566 -0.49196166238254135 0.19163889724583183 -0.7821040987196219 -0.5671140062827562 
-0.1077314477739133 0.17434511456317625 -0.7546362598413987 -0.04795498159046718 -0.3450845766171131 -0.18663256930171057 0.21430053183435338 -0.3665388807149341 0.18533245967495038 -0.740190046334398 -0.8819223462384926 -0.1281095313729277 -0.9697379257516447 0.6920245839653392 -0.9670653790378338 -0.9589770438119238 
-0.29320151164839525 0.661444471831359 0.5914664813006316 -0.1587393380978086 0.8111355038026424 0.6141913786660298 -0.9266936205655443 -0.31418181787737165 -0.33925558094959163 -0.11705463340714295 -0.7046863584223861 -0.6714620150856285 -0.9289757459083443 0.4880586577279902 -0.32078165609657017 -0.4405095480715928 
0.9775974008169328 0.41127496900920324 0.14545691397674876 0.3667465891157793 0.6404291540176363 -0.03764229344061287 0.38534635892811475 0.29688876824858035 -0.36417342905577144 -0.5858757228935711 0.20122009575659572 0.23818668576501345 0.209569552195771 0.4078434073692332 -0.3006312636771309 -0.8431489947864297 
-0.27790332949561725 0.7431527547139496 -0.7654074016121692 0.5463361968988609 0.4734814819207893 0.018202752619358664 -0.2295805916852387 -0.8171932135336635 -0.37569516383399404 0.29685610607463353 0.44827214016823747 0.38090651304722734 0.23835351115830328 0.9660945497711488 -0.3131237678330574 0.18271555397524364 
0.38997561466277375 -0.9046606295134838 0.3175246482457661 0.8715150474203086 0.20939884140319576 -0.9430468347486427 -0.8465939177611028 -0.9216131751243992 0.9279224600817277 -0.7558197705074443 0.2899017842984961 -0.6472789555464631 0.8080348281130902 -0.18749934697266002 0.9553557923370606 -0.9750103917826487 
-0.021062030764235296 -0.6206164858412444 0.9912614550851837 0.3700405941206293 -0.9575628464649011 0.4341329488082146 -0.0021813076711874047 0.08850158639548944 -0.34013022579391694 -0.6000290252354736 -0.6421695527095843 0.7792274538478128 -0.6384109252974988 -0.3122535256287744 0.2313749110561898 -0.2930021446876738 
