0.6479770754910268 -0.8111891905917499 0.4520968500355631 -0.20970701818626925 -0.7798042001776699 0.016740986272576697 0.8195631951788731 0.9251846716213596 -0.8307996504159325 -0.5981986043157066 0.1725996880251115 0.9658137085425014 0.631791923147244 0.36511117884122624 0.8481880723881643 -0.32173691715386044 
0.590059743423021 0.003908224559859619 -0.2318494269725493 0.505186320591335 0.5033163404439132 0.04903652722893059 -0.7471778354643921 -0.9350985210810285 -0.5324952226042019 -0.1427313727555568 0.821441486721662 -0.18143178509592706 0.33513999429778507 -0.37036703669500737 0.21317847824715241 0.17548839815340012 
0.7880815605071396 -0.8719067498921975 -0.5894941448498339 0.010120436774025965 0.48168464668596056 -0.7729311596849677 -0.9605853480666242 -0.3884668261222288 -0.9393730835024952 0.707686732213646 -0.5827551085010185 0.3284683631119645 0.9104446779274484 -0.9420247922039069 0.28301833774942153 -0.4884826691768147 
0.24689114698801795 -0.3833607508436878 0.5396962317391452 -0.6231614246027113 -0.403935168456089 -0.7993384042597533 -0.08170557966050263 -0.7901651670923295 0.91395199763154 0.5115768191835037 0.8751858749235659 -0.9401324246906952 0.9585749565947113 0.15033692082794592 0.19663463083361488 0.7975770802699234 
0.34771245628303515 0.39279039940283855 -0.8500228359268784 0.7049943279265525 -0.42591799046089607 0.9554632458048915 -0.28238475120224793 -0.1928524742383062 -0.15741670557672816 -0.04703296205048524 0.9972441427909078 0.002793016279756033 0.342245147587944 0.5759493227180106 -0.2040525027318023 0.6602349610569738 
-0.9032359690902605 -0.07336699352655662 0.985527466127472 0.5392073885714077 0.4452463780337903 -0.046817489700023085 0.8750123674022481 0.23604388271105559 -0.40344725026851713 0.8411150798355342 -0.5976660092720663 -0.5720036964914392 0.961184062919203 -0.10829447915148793 -0.5575340491558289 -0.35323624397308473 
0.5782134989785195 0.09799618253947062 -0.783108077940784 -0.7065913040757514 -0.25504587373573506 -0.7213837644054171 -0.8793259031401284 -0.9767116387985286 0.3562998595833258 0.11951739797745842 0.01739923766861806 -0.986436174469657 0.2352454803829025 0.33064046018189175 -0.7830761062885194 -0.45402786678314744 
-0.0035530820543230313 0.02728333164499408 -0.33561183386822724 0.38539275592494104 -0.4603099551597176 0.33636360472975046 -0.1648261488177689 -0.9131986472877298 -0.5797383406646028 0.8468726507962756 0.6928829781116506 -0.026574582683918102 0.9541129991728698 -0.46638103280524934 0.9745850417830713 0.9615531774515835 
0.8504242613113284 -0.42530076410210227 -0.9410218942518187 -0.1338493614031615 -0.39145777063529263 -0.33130019784916276 -0.7976965226649231 -0.7982624635541506 0.617657262368511 -0.4778322731157425 -0.15903770499319636 0.2379265635715233 0.46055943377054276 0.06695248605840831 0.9599398888842263 -0.41005508088789955 
0.9178678111447183 -0.3550455871208633 -0.9679863812758875 -0.2732016453057844 0.02801232838026091 -0.4636522806637091 -0.826161929738205 -0.43248777689690665 -0.7725234235462439 0.1439505669711838 0.7225934837041046 0.3779246864705499 0.07159326674220656 -0.6697125542938474 0.4260906344025126 0.566389046340634 
0.7971153800169286 -0.0944265459594249 -0.9224270560047323 0.9509173637356432 0.030505864659909454 -0.9355492278370154 0.4619930855925949 0.30240312551638415 0.033701181182473894 0.20349995310440416 -0.18307629120019153 0.37985140132835515 0.1850565273869993 -0.017930549696250297 0.646150362668451 -0.9464314168547328 
-0.48302510459248493 0.17623369345087259 0.5444383673956383 -0.7461035561445806 -0.9467840709560624 0.3035370732332088 0.11248136319997148 0.43941256346713575 -0.060391966503176464 0.2870079061733328 0.4441011998833224 -0.5093959321335666 -0.5051537147148577 -0.6445545331528693 0.8642729731238163 0.8245699590822451 
0.10445288200564962 0.9189830517578577 0.2776783141151846 -0.7302573511849324 0.2694863584741025 0.5048036901837039 -0.6350842979036007 0.4740294166905539 -0.5717577094475541 0.05238186581075288 -0.7852338657741127 0.620046475741425 -0.6158994428519691 -0.05992388654289793 -0.833785430000441 0.10931807607947341 
0.6244256696345158 -0.4279663754591232 0.49969913684184597 -0.76106156606251 -0.037365795136544255 0.7483313612217506 0.46816636054281013 0.23827269767676218 -0.4625696185559942 0.002975043744832151 0.1840953551361708 -0.8591730756676872 0.05259371163521109 0.42483738410188554 0.08509031309329518 -0.8521796749349908 
0.17864314959826388 0.5037321460378807 0.3553879650321454 -0.8076613099650376 -0.7600940600872188 -0.20537052075592976 0.05290550430826735 0.8625298180930914 0.2977549686483496 -0.8735259098969821 0.9363322274830117 0.5482918898985667 -0.4530009235787249 0.4739468274263867 -0.5493710766573032 -0.6409028857141612 
-0.9238318941392809 0.14023306024653004 0.830257658353827 0.9135784650711436 -0.9892176532437067 -0.24644193843269502 0.5556312921919904 0.140889648859704 -0.9913171219287902 0.6726072925056905 -0.8948399139195935 0.719106064100492 0.8630017667768755 0.39185170473894537 0.8006284820840173 0.6084240802085152 
-0.36236591678698016 -0.34471306229344467 -0.3148440086600184 -0.8713508072413823 0.1924714087244972 -0.9164230862814613 0.7434164745724849 0.5261076205047936 -0.24052806168582497 -0.11181538528982338 0.5280588553611023 -0.9145203382595042 0.5160733443179712 0.5143789404832324 0.7096468986581763 0.09386122072236969 
0.5007342878352814 0.6662301183135344 0.532670086189794 0.7604536572771994 -0.6557745341733059 0.7816055331262339 -0.3646759547012368 0.8024130027916341 0.5575119828432586 -0.9242112774184685 -0.9744936853751416 0.002944824069523566 0.5255901789173674 0.34238804883971885 -0.3535228431874484 0.7825681985581936 
-0.12774784782814708 -0.8378383444881965 -0.44197013764040616 0.4653137557079754 -0.22329098368164169 0.6876220119791552 -0.007659925946474688 -0.6184494456037297 -0.06881984497048488 -0.2390920163124497 -0.7113682123901703 -0.27741348473121574 0.7608340945905689 -0.29472095141198773 0.41846227944999437 0.26914737618528717 
0.9207747904049546 -0.7295191374037637 -0.25845829896033856 -0.8388709081652059 -0.030341621408007224 0.8027572495845072 0.6296075090969071 -0.367143908909088 -0.7724484231207969 -0.5585012432595797 0.23892395139701184 -0.1226131779868187 0.9260966386594645 0.6160321616661497 0.7994694521593266 0.6184017800329185 
-0.17313000386702848 0.7887687097231593 -0.2733089943182394 -0.7551763194871242 0.29238131680949087 0.6842016481910445 0.6544028427019914 -0.8436771514748569 0.627801452202817 0.9302485455113938 -0.0357910124704528 0.11657256317387188 -0.8989009196719548 -0.21155124723091956 0.19363574746194345 -0.6141392530882106 
0.7544591223295736 0.5692891915156568 -0.24003518081426956 -0.4987087867627038 0.21214175814418157 0.3201610839172129 -0.7795828125709712 0.9963386537889343 0.4748483689357106 -0.9164240905831333 0.9485812897413701 -0.8984690433271083 0.28447474235376036 -0.9967909109572399 -0.28499623303613664 0.4479669370499739 
-0.23462140457141212 -0.2804777435960124 -0.551306370713442 -0.4290656138074742 -0.5320664420835637 0.10183158663665104 0.6808628244350039 -0.12151692528340874 -0.4325894647340147 0.3748665575345915 -0.32257502681646777 0.5499870061834571 0.6946411337868039 0.6702790974794663 0.42774888966596625 0.9357923510469346 
0.19747687464695884 0.2660856062458725 -0.11502814176253429 -0.21678925708172558 -0.5777411447597782 0.10978211295371598 0.290373115758084 0.0020391252792961723 -0.11530163351216327 0.6408054288888132 0.16893227107929376 -0.14189496478017927 0.9774013595112434 0.12687374544573982 0.7028498366931066 -0.8454270274519959 
0.4190114267781053 -0.8396129456456143 -0.4249640333010527 -0.12333833663276628 -0.3271843059384134 -0.16050172121724082 0.7927647504360127 0.8280369002827175 0.24197406191850956 -0.8994776065591608 0.7848855914221597 0.4366148932630165 -0.5883561600104417 -0.7685190342058046 0.6189543211362312 -0.478192954458579 
-0.5031335039612204 0.14896129153224913 -0.6527774416526722 -0.3138152156561178 -0.8270921665009887 -0.666869492962654 -0.26226465842390145 0.05404853339753202 0.7830474617635319 0.07991423996054703 -0.4690173427332347 0.21248601265479938 0.5279528860248126 -0.21353253264831595 -0.6388167517000132 0.9508135907782891 
0.08108904166459774 0.18530308780471194 0.8673596008863151 -0.5803899069621861 -0.9029188039238742 -0.976877164183084 0.0036013516583446314 0.925865799590939 0.7675976017221495 0.700188477814206 0.7903094488864528 -0.9866532821765281 -0.40146206460398615 -0.436963593356285 0.2520727712151398 -0.11543529125805718 
-0.8142368161860549 -0.7240533661557949 0.7436232611879503 0.042294369269554766 0.9738221993325 -0.23389036909512528 0.7046605105759132 0.006885385731961069 0.5766969231234678 0.06942256438375605 -0.43154822114732205 -0.9686946857011702 -0.27403137070534234 -0.11072888881826781 0.43222010983612713 -0.21243464596860995 
0.6460262910060912 0.3241601452214027 -0.18566812410973155 0.5235239586189411 0.01693648004503423 -0.28406048315031085 -0.05742000276617576 -0.6903255960978674 0.27228357093661293 0.8073752123967965 -0.42161406131180823 0.4196225589794065 -0.1687921535708301 0.17631369147494858 0.37786122608293193 0.31969164164118435 
0.042091060872112784 -0.06837475288644579 0.1656217271380287 0.16503665001878542 0.12239004967418965 -0.5152647493037004 0.0473623403698038 0.31031209689767913 -0.32215919702369833 -0.6326081018693392 -0.6221766583021258 -0.6274531386497042 -0.9096592393579537 0.09507223285740807 0.5049366407115847 -0.6981521269766344 
-0.07154067798333275 -0.6689680974646459 -0.36514004338431216 0.7291295043516057 -0.03632376564446527 0.963175743521534 -0.9099363948675785 0.7209556004746169 -0.9468534246049087 0.19080053312002754 -0.3421147379920737 -0.11282117387724377 -0.9630808909872721 -0.563454393270431 0.5423600036816423 -0.35497780744772456 
0.3305076171443988 -0.49466575646375377 0.16886209007241915 -0.2162668025329606 -0.7759914398943069 0.13486609069398292 0.913090141941356 -0.12980782737265173 -0.8637307760183763 -0.784434954195063 0.721752684508584 0.8546548994074759 0.09151411886759409 0.524302310601517 0.9415151390510474 -0.9822184579858875 
