0.8867792416192797 -0.9903090417976916 -0.378507850127737 -0.6940791152746062 -0.22069363075719473 0.8858902734554206 0.4731439997698901 0.8089192856916896 0.875388224772464 -0.5665039630774247 0.9429196599805652 0.6956049084419533 -0.19737642496962637 -0.323502634866746 0.4784857562131246 0.2665941483400678 
-0.12218649645308877 -0.031293603496222566 -0.6699450201776553 -0.21497794411250215 -0.546910080831783 0.43885209233156464 0.5398970249782984 -0.774030658121132 0.41456458085885317 0.20103053142701888 -0.4457718539828688 -0.8861252659665633 -0.9599383540472319 0.7236001561722856 0.9825029821187641 -0.3677466316961704 
0.8951472701145846 0.32716736920983625 0.07985256787023287 -0.6368752673861569 0.9260100113599994 0.7574633118398493 0.29662790946505524 0.39648642025837333 0.4975766226473397 -0.9802258846004186 0.09098635588466597 -0.7874395967172481 0.7391375807295779 0.27614796999488966 -0.7297844438653422 -0.38730835338280367 
0.11431728104737404 -0.636804048557732 0.251630438657775 -0.48398338155209997 0.40648122515739615 0.17250466214611437 -0.23713489517127617 0.8170592566826451 0.05343157757504513 0.37279813862752786 -0.3275165688517412 -0.862769764664155 0.13607145755409933 0.005331029136503407 -0.7964841012319928 0.9117118051361102 
0.9206469630934095 -0.7349807537672011 0.6220135433393763 0.06244143788022205 -0.24302900251318138 -0.5488321720318114 -0.41990419305854276 0.6388498936850193 -0.3279513526329645 -0.6392129458926652 -0.0037037098940870816 0.916181428420298 0.341206724479199 0.03828875371252716 0.5159932518260981 -0.9547902823091587 
0.7258926953443354 -0.7899934372972999 -0.20615086500477386 -0.31821589556719876 0.4066467667903526 0.8465797651075397 0.5404768621360019 -0.9012447862621693 -0.4738141685357946 0.666049841312728 -0.5614786073788804 -0.7776078278841407 0.020823013977207427 -0.4735449410400099 -0.054937469910799175 -0.49358269519517695 
0.6705646413708817 0.5381907503433758 -0.36665017468066474 0.2517845455598553 -0.47378369846426693 0.8929582391025821 0.07606789414380155 0.7828475596334772 0.10554976086233347 0.3779405540388905 -0.17901572649222763 0.38543797616801534 0.2792730266565233 -0.4838775814707281 -0.9276741555307062 -0.9239437331219211 
0.6243266764986648 -0.9675876056085637 -0.7717178110997744 -0.5478337732265428 0.5416820355397716 0.173170316172911 0.38065701562887044 0.5619550177365706 -0.21975401433059472 -0.37556437359345685 -0.3386304358089325 -0.575335505180151 -0.13085050942164345 -0.31596318340122154 -0.08101529595685997 0.73897456833019 
-0.8707482409378273 -0.8356833011154057 -0.16089486799076824 0.4095415624103198 0.8182473497023279 -0.11738804349491616 -0.737196659165483 -0.13956538893853843 -0.6683539844555348 -0.9130372686171202 0.4045674336023335 -0.03159215870551124 0.13276561450978908 -0.35649650422111634 0.4103753448851184 0.4470408074707064 
-0.7571015353459611 -0.5572097539659338 0.7670737406751094 0.16431594630761448 0.6665024812972957 -0.31310663838862585 -0.4782841603206862 -0.716627391041875 -0.8017501552203019 0.8485607399868855 0.8212884684835968 -0.02098422766521635 -0.472305384498938 0.16285253152344747 -0.5777905734487183 0.5368353952056981 
-0.6128330031723843 -0.15728420437847124 0.7558032727641637 0.18341083410529002 0.9035713526731934 0.37850528122215255 0.2300448053895796 -0.1715146845580673 -0.3261612531605338 -0.792421294058149 0.03213449700844451 -0.9388329212953332 0.19734585151242579 -0.3501756859008107 0.2799934984199195 -0.19653942222805765 
-0.821848619929296 -0.9154033670301163 0.07427026250077584 0.5037036165750284 -0.4331629088386526 -0.8302067626840026 -0.47520402531529027 0.28745869894922516 0.3981763994051559 -0.3504323848418438 -0.472832978397691 0.29052989979034316 -0.3391798566477626 -0.059852049586114564 -0.2746787404550106 0.5249875464530189 
0.40759301107367385 -0.7596544445263751 0.43581742477871344 -0.5813325245546206 -0.6598987184940419 0.10947695013144565 -0.13396280682306783 0.5878770139565468 -0.4836738058624783 0.07327934172735695 -0.24878259184173257 0.5863792068384912 -0.5612830641458966 -0.3534789433393608 -0.07573178359077781 -0.20759055739457466 
-0.9755204629156939 0.7659966373842382 -0.9861607679505775 0.2924792415793085 0.6545353525253133 -0.6953882277213059 -0.862594440513669 0.05315867753620829 -0.3084800618477572 0.6972728843013505 -0.18989743828972694 -0.625567591699006 -0.7933732989756734 0.443711325094986 -0.2047432374481042 0.745568364486686 
-0.6713379756795128 -0.10055316285227178 -0.5327829753554383 -0.6088300714222226 0.33263341881237807 0.3100355560869994 0.5108483732130562 0.7067819085573208 -0.5428541690414315 -0.638712527558827 0.17404778938449805 0.2742905011739971 0.08711860531904625 -0.7343054080267475 -0.4262753928952021 0.94376831832654 
0.4041263507805468 0.46316238691074374 0.6322529066117921 -0.7778639099063691 0.6048734688262754 -0.7146432139212151 -0.6957007132519115 0.4513961082241382 0.6433096727945917 -0.36076157964163325 -0.10523313087638142 0.919967519266685 0.5462208209676072 0.7373422291648124 -0.3932400743947031 0.2035802978725474 
