0.0738532728028376 0.08750303892046185 0.12073214974208546 -0.34644742316642496 0.42934595313183643 -0.8179918876039083 -0.07721502303644057 0.3710244386553656 -0.6940347733034025 0.06109465272945713 -0.49231102082929823 -0.7163924671744384 -0.25931031942997795 -0.6688228306091322 0.8118777284414465 -0.20761138692679237 
0.8564978583128982 -0.8034708883389037 0.7578496940066399 -0.7590775906330762 0.8492107818571342 0.274663592730102 -0.19204616290073284 0.5615126314286936 0.5884701653113698 0.1742921317444055 0.5743306787192308 0.2351066054746509 0.6236104657717358 0.5624089753967794 -0.14461734251459712 -0.9422930688498423 
0.010165479032238078 -0.6824334630302669 0.11580250773050582 -0.901917040775478 0.7740902154975728 0.6981518963382192 0.7686489206699703 0.4077693364664281 0.8080672555144941 -0.39446366539603916 -0.7868127752968694 0.13635822885536752 0.7058143664148522 -0.05329425287276268 0.2151190095879929 0.8434802342802252 
-0.9668812643620666 -0.4728322710065016 -0.6485155747062499 -0.69316181657548 -0.9314322985863093 0.5120130763151396 -0.7768378025387817 -0.7915472338113179 -0.15284544132412003 -0.9773767057407019 0.1538478911579204 -0.3748772732422181 -0.935604951418983 0.6360869332972412 -0.5168300118440781 0.07290932836299424 
-0.7661304866208891 -0.03915761589098232 0.9300405724284337 0.601222369195076 -0.9223110899336333 -0.7600382000310844 0.22620040565077404 0.37857709024517905 -0.83426679139319 -0.9490224753737051 -0.38440623738918434 -0.2307150315669555 -0.4572267897466622 -0.08444976090161171 0.8723761936090113 0.7003616361282221 
-0.5308102963028067 -0.4909829753123245 0.584793542173841 0.7170345683235173 0.5489097543180004 -0.11291760650315008 -0.5905374867736863 0.9142445795741134 -0.598974246242699 -0.146008615453743 -0.23166495227297101 0.6605901205156315 -0.6161447366595278 -0.354858724128996 0.23392021615526537 0.7763661009908094 
0.07396402871061047 -0.09220124318157463 -0.24447510368827663 0.04123928961665957 0.7452603797036101 0.4229209244865011 -0.8259076124492195 0.5698565374835451 -0.7248425396288076 -0.5664434310055904 0.7932742659940366 0.9549153338293381 0.06608498594534296 0.14160236177979724 0.11359329123975037 -0.1424373048817964 
-0.6290777815274098 0.12806080543475074 -0.34940129658535346 0.214216886898837 0.9234344914984454 0.9584218103414117 -0.5113494355196013 0.6636318542982924 -0.6638633642552587 0.5461314503021173 -0.4542372114589499 0.6060818048247769 -0.40386927906598946 -0.637009535266104 0.009797304504172377 -0.1460173905687292 
0.8505599132203812 0.976188366752029 -0.4111978283331037 -0.6230566838332305 -0.8990750162369208 0.7237244389767206 0.9104331110391894 -0.3014696518116011 0.18937564126544726 0.004601801662466043 -0.6513503876973439 0.3830902205111968 -0.601428814037096 0.7574453473133049 0.975816442097514 0.33100335718346185 
0.4940229033803978 0.812461634800892 0.021329787334026573 -0.546878273998531 -0.4453176431775563 0.47151526088977813 -0.12012758434185966 0.08279602255017227 0.3143972649191906 0.320382280794117 0.7750988100791272 0.11540431321663847 -0.8532223828954149 0.8365497194755842 0.9308505495416479 0.561326800724246 
0.4918072530739548 0.1903466224865038 0.1552132915301121 0.47163169634763724 0.17374033706273484 0.8232734103987216 -0.13808727986813607 -0.7039458789197166 0.26632761404027816 -0.8136800916975235 -0.30880792424246306 -0.49422378198869654 0.4166311672433436 0.8364746866899255 0.03558621145031049 0.03699449786638942 
0.7701901233037991 -0.573124739769032 0.7132795991605587 0.958310485112521 -0.45839533127329335 0.7525728493598913 -0.8499863609667804 -0.3432341703057513 0.05629905119921963 0.6811508553167105 -0.8622832320134104 -0.11857020661679862 0.30400710441879375 -0.3560644541990281 0.7584262912667943 -0.1096871356482032 
-0.18530135023962213 0.881597602336301 0.27337585423793076 -0.8413787900909815 0.6004563619008536 0.22244082909928165 0.6935251836489942 -0.14006824610243251 0.15442879961621747 -0.7808908449389729 -0.6117787779781891 -0.01284292538909293 -0.44615790951985557 0.31425320622432396 0.5229943782120041 -0.5705132493127623 
0.23819289301242885 0.8752128596635993 -0.3924505948344843 0.43922334835523813 0.49732246854423723 0.28075353941934966 0.19247351916865574 -0.7318022299908378 -0.7982729331204692 -0.29881273995132807 0.6653683955346903 0.5233373534584715 0.7089267632748293 0.8558020085487064 -0.9877564672408883 0.12090644727426247 
-0.6321916450742879 -0.6421725097600826 -0.6620751020034195 -0.7303714758210298 -0.15753869888608452 0.6730205623720151 0.2629807640436388 0.6702823630493739 -0.24180572886385154 0.31787686301101736 -0.266749944711679 0.4736543339146604 0.9856097316477919 -0.43319002814812424 -0.0200814018170139 -0.40613593148996907 
0.8739037044430387 0.8548414748389839 0.03587814181301208 0.2985493436592028 -0.46150171964129916 0.16391578031342724 0.037492106023820915 0.5005869994569079 0.21155138130987727 -0.4200207898753523 -0.9006472600720519 -0.7416749524175117 0.2806665547832996 -0.8972923456769057 0.21476269662236147 0.3468905761265324 
