-0.5585996654607672 -0.21868615976844907 0.2780986273177155 -0.2648005922409422 -0.8962526822486676 0.15452794940293368 0.9715338671557787 -0.8211994256309303 -0.9443321257993706 -0.7803095885811564 -0.6290648806316232 0.11344451476794393 0.4589977894852615 0.24589685698661312 0.032512116699394245 0.3870816742219849 
0.8668049694834983 -0.06895136397311363 -0.19646982506081967 -0.7122751749908045 -0.8494145879737036 0.5630528188661026 0.7542168882052611 0.6873612636761779 0.047456374154794645 0.6519719258796661 -0.35048076985955134 0.2797907433177358 0.49642838432106307 -0.4326611138752319 0.32018631226310457 0.14367255184330996 
0.9191090185571482 -0.9003442588344444 -0.06662304249927908 0.5877473432930231 -0.43500756131434937 -0.42448851519997266 -0.7769803840456588 0.8648232119218449 -0.6628526889985977 0.29275624558307456 0.7508966226638583 0.02994688461801398 0.4546467092296338 0.7129145682859295 0.6677242378719395 -0.8908508239089203 
0.4704319697642212 -0.7370842492675731 0.8341949131256257 0.7325201915780013 0.3234389925653218 -0.7875686525069374 0.7840691005665366 0.602302967529752 -0.19093226979410627 0.5341450492286757 0.4190425501323254 -0.4429464284966236 0.12480713118143916 -0.8802965415906658 -0.6915514568557197 -0.5018794972734024 
-0.797509597872071 -0.3103872269519119 0.5642209687079758 0.8256142885291564 0.41872629797242467 0.018708032198896385 0.21175495774311037 -0.4577880041436131 -0.0010264476594508132 0.20629209836859008 0.7252690097238037 -0.8420642060368102 0.708356698856053 0.6535425524848264 -0.5993798393229941 -0.741781663450259 
0.4771781813498759 0.5227415381912159 -0.9094000116779444 -0.1780548502213244 0.06340188327488105 0.3371369182525872 -0.4738607154478258 0.03268531100071126 0.30808369973306804 -0.7012170414383578 0.23121277520072514 0.8694095337263974 0.3629337968591446 -0.5935604237824583 0.9156178375031978 0.3503243273864549 
0.43839585593923425 0.3272479227897316 0.3271356264732801 -0.9619937469733513 0.3392414325076045 0.3075870017563074 -0.10960295836790479 -0.136396338062156 0.48818516532078227 0.5047702222233339 0.6046663850947105 -0.6190699660818451 -0.20951451787495823 0.07242705890119794 -0.6863968315818834 -0.5379017388947227 
-0.3191640750454372 0.3419979680559524 0.4852268926580523 -0.09442197578168399 0.6171073656373767 -0.8012369182564358 -0.29829264885824247 -0.009707784879715131 -0.295886060106918 0.9061664020050308 0.16036017103133893 -0.581687846108867 0.5442385208270673 -0.005850096730831034 -0.06723304222110871 -0.9170922867589297 
0.09252549122273979 -0.5106978228265111 0.38575137538673365 0.7305485394192606 -0.8067612974449083 0.04335838902277089 -0.9831261976330017 0.23503511368877295 0.39962727185940783 0.05160813670594799 -0.2456559031636898 0.31471770866424364 -0.18205629753942798 0.7906565898272304 0.6306575607357963 -0.07480426034394583 
0.943026906572731 0.042659355906819574 0.0741105390102792 -0.3218880436394267 0.5384094879564254 -0.06245647328884685 -0.043754207534759004 0.007676582064763737 -0.9527268793132404 0.025127732300672445 0.5954956550740471 -0.18885765458168002 0.6103106599773587 0.2127798002063832 0.9247217935614496 0.37097725358818834 
-0.9071991207122978 -0.4403947140206259 -0.4087344559947539 0.44818838679914275 -0.49469177869828296 -0.9046178744391695 -0.030046074479106455 -0.08736311662872431 0.22209320715789826 0.7270946420855844 0.5309212957293714 0.20627549700291148 -0.6166299507277901 -0.7329769236489887 -0.26516938182133276 0.01721278943468363 
-0.8903023088601856 0.034311885672035025 -0.35090932113999207 -0.6062202241949453 -0.4120055362361392 0.30836732243894205 0.47385159204754634 -0.024682712150858377 -0.5388974224118717 -0.18080063770638177 -0.05633933674837044 0.3115452551798972 -0.014086920233834288 0.3783327613458911 0.33226600812860263 0.03482720082163948 
-0.4989552693837307 -0.3038094648810761 -0.2395760375056506 0.07808532371663945 -0.9084775543385728 0.28857903935603213 0.5984568278620865 -0.47655156291966616 0.18991575164144892 -0.6467560884593031 0.1466396414492983 0.9318490331144307 0.06720305619280342 -0.7618999245581319 0.9231105898684036 0.22432761673646606 
0.6325225346227201 0.3072756445912357 -0.43884181657636834 0.9969587787233232 -0.8093413989725098 -0.810555028423358 -0.22385452671163208 0.4669754491530793 -0.27626672166200383 0.8674890162818405 -0.0500397169748652 0.7077265924685339 -0.05784109149308869 0.551449103106223 0.42581026646070774 0.9894668217223723 
0.674840473386676 -0.1078363228359418 0.007829783567245174 -0.20079090680235545 -0.21170503321917056 0.5586678416968243 0.4115052146769622 0.25310277632552447 0.595305552713792 -0.19137102716183518 -0.8624737684482302 -0.8125457507140095 0.6883629486611331 0.10747998635641642 0.7528206872545862 0.4178362468249217 
-0.5827029849382168 0.6133723719995263 -0.8497192656619907 -0.5575765674879318 0.3246441886425746 -0.6122158241271645 -0.7392321536693864 -0.20940545985348824 -0.9251322523688268 -0.6305861333917024 -0.10936124094352206 0.8894538231307643 -0.07527464365496028 0.06205798408374452 0.791138779464045 0.9720526408976884 
