-0.8036797623827237 0.19159962521702067 0.7011071610081441 0.5184668422984775 -0.6135993371438304 -0.41245741013455595 -0.5992458619668315 0.5494643527328222 0.9901561325438388 -0.6405874819387067 0.8154811161992506 -0.060772508868923714 -0.6899388290048369 0.6286455057470253 0.9881464591130127 -0.051408697227014244 
-0.5651483745818604 -0.6336274482267803 -0.4156390720675598 -0.1809074950581353 0.9865468020087447 0.9609527333467258 0.6964624652720175 0.6968322903568023 -0.6786101569584584 0.6015097757903265 0.36353471382429303 0.5218215010853706 0.5265015754401852 0.3177525917648827 0.0042659172796386535 -0.12510156204926548 
0.12637356711507697 0.4998856202280242 -0.9677932842121497 -0.837888674762636 0.6606916743353273 0.5281719312473578 0.41285669760774835 0.2601500319022787 -0.43019551026319314 0.3495689647823854 0.04468693221484399 -0.690284058925652 0.5733357856002987 -0.17522415872689767 -0.6181181648854586 0.22939785135034274 
-0.7791550324060079 0.9492899804369967 0.2740636041925475 0.26746271111348885 0.673260861493943 0.18017773250310443 -0.8836204986376281 0.8286979665945176 -0.42888369120233705 -0.7469350491924027 0.24089450300413184 0.3307648187500658 -0.8412828600509701 0.9165634680227863 -0.5582734752897063 0.4212333358907234 
0.11226224955196629 -0.597878853076379 0.3322094035834404 0.0027051902875279144 0.07597304517192915 0.38845014605848194 -0.7722384074104771 0.975497288206268 0.2856272042091845 0.5228071984214313 -0.5747770047730099 0.23878805316274332 0.05840774524479131 0.8265719726961107 -0.21875428380538775 0.06276291953279078 
0.255424801737143 -0.5639047754951982 0.27257113606741035 0.5149574810587678 -0.9189870902775477 0.9251270571868362 -0.05887080136231093 -0.7064737058444817 0.678951617596486 0.8775387463488247 -0.4673180680811033 -0.9172550822197463 0.8027201282517245 0.9337284621816655 -0.20996207472857997 0.7857478853219373 
0.9633988342900293 -0.6458194425824471 0.6557515986226037 -0.8964722852635272 0.6060262915318377 -0.1338450444383381 -0.7207776470023124 -0.6720181315986689 -0.6579229352454874 -0.3979189016629354 0.4852315475608009 0.4969667799070172 -0.3795217953779684 -0.10167525044850767 0.13277067953076505 -0.7230143304772649 
0.8489974478889344 0.819072881804441 -0.21071816750350236 0.5970336061408732 0.21614054203771182 0.7393659891799238 -0.866248084089587 0.1267862708667853 0.13300347190105555 -0.0003904976052453435 0.12982771693679984 0.8759479751749317 0.18228578949323615 -0.4941644600897859 -0.20021722735309933 0.23653845878171054 
0.9846562508363368 0.8816233184451694 -0.9009992497488637 0.01739915196177244 -0.7564086808055661 0.6768560132571337 0.24232961287422583 0.8599795420801875 -0.5123848006280085 -0.8089281843640845 -0.6415485672666743 -0.7085160664238719 0.6837085335249555 -0.6980960439504544 -0.08401820698911444 -0.13337649795679907 
0.6885779266505925 0.8823315711277819 -0.7847367630191657 -0.08308719910803353 -0.24672519015526628 0.16832402437608462 0.7096596459835041 -0.7165176097843866 -0.12351828035588275 -0.11004718803039593 0.5702895866770441 0.6973764280110446 -0.6861044521578523 -0.6802753691302059 0.43917227977755857 -0.30843030916680725 
-0.03945745056660854 0.9276476092386867 -0.13797318874304798 0.19514226819468106 -0.5269435059324596 0.23226884665084024 0.437137642046564 0.7609449424886177 0.5209980580051683 0.855970378741987 -0.26881487327306797 0.3381353567130623 0.6549437344122959 -0.648313040300212 0.03287987851042362 0.6669708071680212 
0.631488881242775 -0.9943376679294085 -0.2892974852277208 0.8561141687394704 -0.45575565836140397 -0.7621476720404265 0.41479151938008707 0.5205438875248574 0.13922858591984322 -0.2859377072316971 0.6821900645781367 0.2554836633340438 0.5176873895989644 0.6800619497534757 0.7802143870624596 -0.07067274829287795 
-0.8155758101316628 0.5662505529003219 0.3804616043810338 0.6031822116315848 0.6316157700955094 -0.025488562243235258 -0.7833820596829613 -0.3262671432701223 -0.2798192477086445 0.6056319321733856 0.35244337411737203 -0.4461717717407365 -0.535252181111336 -0.8160011924243986 -0.03351944471189894 -0.22954725650858787 
0.012612188594515406 -0.2797592575121015 -0.7159558313996899 -0.6638982795958304 0.8996035168524692 -0.018816848715710544 0.9651667414829173 -0.8335244693567401 0.08055343328659492 -0.605282866201519 0.6939133729752502 -0.15690292589619048 0.9145566425729812 0.49766065913404023 0.2994255396773835 -0.8526931282598516 
0.41465541599099964 0.8103742982014743 -0.6754663847247975 -0.5580500726533617 -0.7009713380517952 -0.7967971237543494 0.21989904529974003 -0.689104448323475 -0.6340669457676582 -0.22361603228462124 0.9609946076722045 -0.026488154513401252 -0.2610357120560354 -0.5534415894988336 0.16395511878411329 -0.5806731224589969 
-0.39171079066710757 -0.09954761995719097 0.2503091110743225 -0.7026480278379794 0.36541559681353397 -0.9319043214262195 0.975103063281157 -0.04350668435527805 -0.5912192478980316 -0.11617433866613713 -0.9295906558769866 0.5247230597475951 -0.041729924574632093 -0.17136324605046171 -0.009509432067773327 0.10853500086489909 
